1 0.45455163043478264 0.4061482084690554 0.016440217391304347 0.018729641693811076
1 0.5588315217391304 0.9676302931596091 0.022010869565217393 0.024022801302931596
1 0.5588315217391304 0.9676302931596091 0.022010869565217393 0.024022801302931596
0 0.0828804347826087 0.07227198697068404 0.16603260869565217 0.042752442996742676
0 0.07527173913043478 0.21569625407166124 0.15081521739130435 0.03969869706840391
0 0.06956521739130435 0.4041123778501629 0.1394021739130435 0.033387622149837134
0 0.07078804347826087 0.5382736156351792 0.14184782608695654 0.04723127035830619
0 0.07887228260869565 0.7831840390879479 0.15611413043478262 0.05863192182410424
0 0.06705163043478261 0.9651872964169381 0.134375 0.0500814332247557
0 0.41073369565217394 0.08316368078175897 0.18614130434782608 0.05435667752442997
0 0.4451766304347826 0.22801302931596093 0.20421195652173912 0.06596091205211727
0 0.4313858695652174 0.4080822475570033 0.1845108695652174 0.05639250814332248
0 0.49313858695652174 0.5428542345276873 0.23654891304347828 0.0625
0 0.5129755434782609 0.7805374592833877 0.259375 0.06596091205211727
0 0.5050951086956522 0.9535830618892509 0.23790760869565217 0.06270358306188925
0 0.5050951086956522 0.9535830618892509 0.23790760869565217 0.06270358306188925
0 0.5276494565217391 0.14026872964169382 0.03627717391304348 0.24348534201954397
0 0.011752717391304348 0.15278908794788273 0.02377717391304348 0.2078583061889251
0 0.27248641304347826 0.14912459283387622 0.014266304347826088 0.21925895765472314
0 0.17744565217391303 0.12357491856677524 0.006793478260869565 0.15146579804560262
