1 0.5162364130434782 0.13039495114006516 0.022146739130434783 0.023004885993485342
1 0.5162364130434782 0.13039495114006516 0.022146739130434783 0.023004885993485342
0 0.46976902173913043 0.36278501628664495 0.253125 0.053338762214983716
0 0.47309782608695655 0.5403094462540717 0.2247282608695652 0.04682410423452769
0 0.4878396739130435 0.13711319218241044 0.22703804347826087 0.04906351791530945
0 0.5465353260869565 0.023615635179153095 0.18220108695652174 0.037866449511400654
0 0.9165760869565217 0.036543159609120524 0.16304347826086957 0.061685667752442996
0 0.9149456521739131 0.15838762214983715 0.1641304347826087 0.07125407166123779
0 0.907608695652174 0.38762214983713356 0.17989130434782608 0.07206840390879479
0 0.9171195652173914 0.5678949511400652 0.16168478260869565 0.06901465798045603
0 0.9171195652173914 0.5678949511400652 0.16168478260869565 0.06901465798045603
0 0.6167119565217392 0.6977809446254072 0.019293478260869565 0.19645765472312704
0 0.7088994565217391 0.6856677524429968 0.015353260869565217 0.18485342019543974
0 0.784171195652174 0.7034812703583062 0.015896739130434785 0.2078583061889251
