0 0.5335597826086956 0.0672842019543974 0.19755434782608697 0.0604641693811075
0 0.5424592391304348 0.247557003257329 0.1811141304347826 0.05659609120521173
0 0.5146059782608696 0.3655333876221499 0.23192934782608696 0.06412866449511401
0 0.5163043478260869 0.5890675895765473 0.25869565217391305 0.07634364820846906
0 0.5104619565217391 0.7708672638436482 0.2296195652173913 0.07186482084690554
0 0.9144701086956522 0.030333876221498374 0.1688858695652174 0.03908794788273616
0 0.9134510869565218 0.2183428338762215 0.17282608695652174 0.035627035830618894
0 0.9307065217391305 0.3320439739413681 0.13831521739130434 0.037866449511400654
1 0.9492527173913043 0.3250203583061889 0.016168478260869566 0.012825732899022802
0 0.9331521739130435 0.5636197068403909 0.13342391304347825 0.04295602605863193
0 0.677241847826087 0.9033998371335505 0.021875 0.18098534201954397
0 0.7546195652173913 0.8858916938110749 0.01657608695652174 0.16388436482084692
0 0.8470788043478261 0.8995317589576548 0.021875 0.186685667752443
0 0.936141304347826 0.7450122149837134 0.11657608695652175 0.03929153094462541
