0 0.4968070652173913 0.5375610749185668 0.2740489130434783 0.055578175895765476
0 0.5266983695652174 0.7156962540716613 0.23247282608695652 0.04539902280130293
0 0.49653532608695655 0.3050692182410424 0.2327445652173913 0.04743485342019544
0 0.08546195652173913 0.21294788273615636 0.16521739130434782 0.059853420195439745
1 0.05828804347826087 0.21376221498371337 0.013315217391304347 0.010179153094462542
0 0.07302989130434782 0.3447679153094463 0.14171195652173912 0.061685667752442996
0 0.08077445652173913 0.02707654723127036 0.15910326086956522 0.05171009771986971
0 0.07588315217391305 0.5817385993485342 0.1485054347826087 0.06616449511400652
0 0.07710597826086957 0.7635382736156352 0.1498641304347826 0.06616449511400652
0 0.18532608695652175 0.9031962540716613 0.03152173913043478 0.18261400651465798
0 0.2901494565217391 0.8740838762214984 0.025679347826086957 0.1606270358306189
0 0.3624320652173913 0.8879275244299675 0.02078804347826087 0.188314332247557
0 0.46841032608695654 0.1774226384364821 0.1860054347826087 0.0364413680781759
