0 0.4432164634146342 0.19207317073170732 0.1288109756097561 0.12652439024390244
1 0.44296239837398377 0.20388719512195122 0.009400406504065041 0.011432926829268292
1 0.4672256097560976 0.16253810975609756 0.009654471544715448 0.012576219512195123
0 0.5295985772357724 0.1876905487804878 0.012957317073170733 0.12233231707317073
0 0.6364329268292683 0.05583079268292683 0.11178861788617887 0.06516768292682927
0 0.4004065040650407 0.5466844512195123 0.12245934959349594 0.12538109756097562
0 0.5890497967479675 0.4005335365853659 0.11051829268292684 0.07164634146341464
1 0.5772357723577236 0.4005335365853659 0.008638211382113821 0.008384146341463415
0 0.35530995934959353 0.8761432926829269 0.11559959349593497 0.12728658536585366
0 0.5529725609756098 0.7147484756097561 0.10442073170731708 0.07507621951219512
1 0.5852388211382115 0.703125 0.008384146341463415 0.009146341463414635
0 0.8102134146341464 0.5501143292682927 0.12906504065040653 0.13528963414634146
0 0.9725609756097562 0.4058689024390244 0.054369918699186996 0.04878048780487805
1 0.9945376016260163 0.405297256097561 0.009400406504065041 0.009527439024390244
0 0.9302591463414636 0.560594512195122 0.02413617886178862 0.13719512195121952
0 0.7820121951219513 0.9367378048780488 0.13008130081300814 0.12576219512195122
0 0.9588414634146343 0.778391768292683 0.0818089430894309 0.06897865853658537
