1 0.5858016304347826 0.6287662866449512 0.022146739130434783 0.02707654723127036
1 0.4927309782608696 0.06412866449511401 0.016440217391304347 0.021172638436482087
1 0.4927309782608696 0.06412866449511401 0.016440217391304347 0.021172638436482087
0 0.08661684782608696 0.046620521172638436 0.1735054347826087 0.035423452768729644
0 0.08716032608695652 0.17762622149837134 0.17459239130434784 0.04092019543973942
0 0.09510869565217392 0.4189739413680782 0.1904891304347826 0.04071661237785017
0 0.08267663043478261 0.5966001628664496 0.165625 0.04499185667752443
0 0.47078804347826086 0.06504478827361564 0.18179347826086956 0.061685667752442996
0 0.5286005434782609 0.1986970684039088 0.23383152173913044 0.07003257328990228
0 0.5442255434782609 0.43363192182410426 0.2572010869565217 0.0741042345276873
0 0.5351902173913043 0.6107491856677525 0.2296195652173913 0.06921824104234528
0 0.5351902173913043 0.6107491856677525 0.2296195652173913 0.06921824104234528
0 0.21317934782608697 0.7568200325732899 0.017119565217391306 0.20582247557003258
0 0.2878396739130435 0.7332043973941368 0.017527173913043478 0.17976384364820847
0 0.3905570652173913 0.7551913680781759 0.024320652173913045 0.20052931596091206
