0 0.5311141304347826 0.6109527687296418 0.23016304347826086 0.06188925081433225
1 0.5863451086956522 0.6263232899022801 0.016168478260869566 0.015268729641693811
0 0.54375 0.43800895765472314 0.25815217391304346 0.06982899022801303
0 0.5285326086956522 0.20205618892508145 0.23369565217391305 0.0620928338762215
0 0.4698369565217391 0.06657166123778502 0.18097826086956523 0.050895765472312705
0 0.08104619565217391 0.6005700325732899 0.16209239130434783 0.0500814332247557
0 0.09592391304347826 0.41785423452768733 0.19157608695652173 0.04947068403908795
0 0.08865489130434782 0.17956026058631921 0.17730978260869565 0.04071661237785017
0 0.08858695652173913 0.048452768729641695 0.17527173913043478 0.03420195439739414
0 0.2160326086956522 0.7575325732899023 0.01358695652173913 0.19218241042345277
0 0.2889945652173913 0.7390065146579805 0.014673913043478261 0.15594462540716614
0 0.3911005434782609 0.7570236156351792 0.021603260869565218 0.19116449511400652
