1 0.5264756944444444 0.630787037037037 0.6588541666666666 0.25
0 0.5264756944444444 0.630787037037037 0.6588541666666666 0.25
1 0.853298611111111 0.9340277777777777 0.1875 0.09027777777777778
0 0.853298611111111 0.9340277777777777 0.1875 0.09027777777777778
1 0.884548611111111 0.5324074074074073 0.19791666666666666 0.08101851851851852
0 0.884548611111111 0.5324074074074073 0.19791666666666666 0.08101851851851852
1 0.6844618055555555 0.13310185185185183 0.028645833333333332 0.21296296296296297
0 0.6844618055555555 0.13310185185185183 0.028645833333333332 0.21296296296296297
1 0.9205729166666666 0.02662037037037037 0.1519097222222222 0.048611111111111105
0 0.9205729166666666 0.02662037037037037 0.1519097222222222 0.048611111111111105
