1 0.4171006944444444 0.33564814814814814 0.5911458333333333 0.15740740740740738
0 0.4171006944444444 0.33564814814814814 0.5911458333333333 0.15740740740740738
1 0.6388888888888888 0.9606481481481481 0.1736111111111111 0.05324074074074074
0 0.6388888888888888 0.9606481481481481 0.1736111111111111 0.05324074074074074
1 0.6119791666666666 0.5474537037037037 0.18055555555555555 0.05555555555555555
0 0.6119791666666666 0.5474537037037037 0.18055555555555555 0.05555555555555555
1 0.5716145833333333 0.057870370370370364 0.22309027777777776 0.06712962962962962
0 0.5716145833333333 0.057870370370370364 0.22309027777777776 0.06712962962962962
1 0.3823784722222222 0.171875 0.030381944444444444 0.22800925925925924
0 0.3823784722222222 0.171875 0.030381944444444444 0.22800925925925924
