1 0.4500868055555555 0.6006944444444444 0.44184027777777773 0.09953703703703703
0 0.4500868055555555 0.6006944444444444 0.44184027777777773 0.09953703703703703
1 0.2734375 0.8605324074074073 0.359375 0.09375
0 0.2734375 0.8605324074074073 0.359375 0.09375
1 0.68359375 0.7019675925925926 0.0859375 0.10763888888888888
0 0.68359375 0.7019675925925926 0.0859375 0.10763888888888888
1 0.41276041666666663 0.16956018518518517 0.033854166666666664 0.3368055555555555
0 0.41276041666666663 0.16956018518518517 0.033854166666666664 0.3368055555555555
1 0.7109375 0.12326388888888888 0.034722222222222224 0.24652777777777776
0 0.7109375 0.12326388888888888 0.034722222222222224 0.24652777777777776
