1 0.5598958333333333 0.5925925925925926 0.7083333333333333 0.1273148148148148
0 0.5598958333333333 0.5925925925925926 0.7083333333333333 0.1273148148148148
1 0.44921875 0.8900462962962963 0.15885416666666666 0.04398148148148148
0 0.44921875 0.8900462962962963 0.15885416666666666 0.04398148148148148
1 0.46137152777777773 0.5324074074074073 0.1640625 0.032407407407407406
0 0.46137152777777773 0.5324074074074073 0.1640625 0.032407407407407406
1 0.47873263888888884 0.09201388888888888 0.22482638888888887 0.028935185185185182
0 0.47873263888888884 0.09201388888888888 0.22482638888888887 0.028935185185185182
1 0.6649305555555555 0.21875 0.020833333333333332 0.17129629629629628
0 0.6649305555555555 0.21875 0.020833333333333332 0.17129629629629628
