1 0.4952256944444444 0.5706018518518519 0.5928819444444444 0.28703703703703703
0 0.4952256944444444 0.5706018518518519 0.5928819444444444 0.28703703703703703
1 0.4952256944444444 0.5706018518518519 0.5928819444444444 0.28703703703703703
0 0.4952256944444444 0.5706018518518519 0.5928819444444444 0.28703703703703703
1 0.7881944444444444 0.5324074074074073 0.1875 0.09259259259259259
0 0.7881944444444444 0.5324074074074073 0.1875 0.09259259259259259
1 0.8094618055555555 0.03530092592592592 0.2144097222222222 0.05671296296296296
0 0.8094618055555555 0.03530092592592592 0.2144097222222222 0.05671296296296296
1 0.5928819444444444 0.15335648148148148 0.017361111111111112 0.16782407407407407
0 0.5928819444444444 0.15335648148148148 0.017361111111111112 0.16782407407407407
