2 0.5852388211382115 0.7014100609756098 0.011432926829268294 0.01791158536585366
0 0.5519563008130082 0.7105564024390244 0.10950203252032521 0.07202743902439025
2 0.5759654471544716 0.40015243902439024 0.008638211382113821 0.01600609756097561
0 0.5867632113821138 0.3982469512195122 0.11102642276422765 0.07545731707317073
2 0.9941565040650407 0.40415396341463417 0.009654471544715448 0.018673780487804877
0 0.9715447154471546 0.40472560975609756 0.05640243902439025 0.04801829268292683
2 0.4676067073170732 0.16349085365853658 0.011941056910569106 0.019054878048780487
0 0.4442327235772358 0.19245426829268295 0.12779471544715448 0.12804878048780488
2 0.4676067073170732 0.16349085365853658 0.011941056910569106 0.019054878048780487
0 0.4442327235772358 0.19245426829268295 0.12779471544715448 0.12804878048780488
1 0.6338922764227642 0.0546875 0.12042682926829269 0.06745426829268293
0 0.6338922764227642 0.0546875 0.12042682926829269 0.06745426829268293
1 0.3969766260162602 0.5470655487804879 0.12372967479674798 0.12538109756097562
0 0.3969766260162602 0.5470655487804879 0.12372967479674798 0.12538109756097562
1 0.35543699186991873 0.8723323170731707 0.11737804878048781 0.1288109756097561
0 0.35543699186991873 0.8723323170731707 0.11737804878048781 0.1288109756097561
1 0.8094512195121952 0.5451600609756098 0.12550813008130082 0.1284298780487805
0 0.8094512195121952 0.5451600609756098 0.12550813008130082 0.1284298780487805
1 0.9590955284552847 0.7738185975609756 0.0813008130081301 0.07736280487804878
0 0.9590955284552847 0.7738185975609756 0.0813008130081301 0.07736280487804878
1 0.7832825203252033 0.9334984756097562 0.12144308943089432 0.11928353658536586
0 0.7832825203252033 0.9334984756097562 0.12144308943089432 0.11928353658536586
1 0.7832825203252033 0.9334984756097562 0.12144308943089432 0.11928353658536586
0 0.7832825203252033 0.9334984756097562 0.12144308943089432 0.11928353658536586
1 0.4853912601626017 0.5323932926829269 0.013465447154471547 0.11051829268292683
0 0.4853912601626017 0.5323932926829269 0.013465447154471547 0.11051829268292683
1 0.529344512195122 0.18654725609756098 0.01753048780487805 0.12766768292682928
0 0.529344512195122 0.18654725609756098 0.01753048780487805 0.12766768292682928
1 0.44626524390243905 0.852515243902439 0.01244918699186992 0.10746951219512195
0 0.44626524390243905 0.852515243902439 0.01244918699186992 0.10746951219512195
1 0.9307672764227644 0.5583079268292683 0.026676829268292686 0.14634146341463417
0 0.9307672764227644 0.5583079268292683 0.026676829268292686 0.14634146341463417
1 0.9051067073170732 0.930640243902439 0.02769308943089431 0.12957317073170732
0 0.9051067073170732 0.930640243902439 0.02769308943089431 0.12957317073170732
