2 0.4908536585365854 0.46627286585365857 0.07876016260162602 0.08879573170731708
0 0.5691056910569107 0.42225609756097565 0.8612804878048781 0.16692073170731708
2 0.4908536585365854 0.46627286585365857 0.07876016260162602 0.08879573170731708
0 0.5691056910569107 0.42225609756097565 0.8612804878048781 0.16692073170731708
2 0.4908536585365854 0.46627286585365857 0.07876016260162602 0.08879573170731708
0 0.5691056910569107 0.42225609756097565 0.8612804878048781 0.16692073170731708
2 0.4908536585365854 0.46627286585365857 0.07876016260162602 0.08879573170731708
0 0.5691056910569107 0.42225609756097565 0.8612804878048781 0.16692073170731708
1 0.3620426829268293 0.10708841463414634 0.7245934959349595 0.16082317073170732
0 0.3620426829268293 0.10708841463414634 0.7245934959349595 0.16082317073170732
