2 0.8096 0.5910006039863097 0.0204 0.027179383933964164
0 0.7347 0.6044896315683511 0.261 0.12744111133480976
2 0.7908000000000001 0.0979464465472116 0.023200000000000002 0.031205959331588484
0 0.8148000000000001 0.09371854237970606 0.2684 0.11697201530098651
2 0.7908000000000001 0.0979464465472116 0.023200000000000002 0.031205959331588484
0 0.8148000000000001 0.09371854237970606 0.2684 0.11697201530098651
2 0.7908000000000001 0.0979464465472116 0.023200000000000002 0.031205959331588484
0 0.8148000000000001 0.09371854237970606 0.2684 0.11697201530098651
2 0.7908000000000001 0.0979464465472116 0.023200000000000002 0.031205959331588484
0 0.8148000000000001 0.09371854237970606 0.2684 0.11697201530098651
1 0.2514 0.8706462653513187 0.2872 0.20998590698610833
0 0.2514 0.8706462653513187 0.2872 0.20998590698610833
1 0.3553 0.33551439500704655 0.29460000000000003 0.20998590698610833
0 0.3553 0.33551439500704655 0.29460000000000003 0.20998590698610833
1 0.5729000000000001 0.29232937386752567 0.0386 0.2194483591705255
0 0.5729000000000001 0.29232937386752567 0.0386 0.2194483591705255
1 0.4756 0.8162874974833905 0.0356 0.20153009865109725
0 0.4756 0.8162874974833905 0.0356 0.20153009865109725
