1 0.2727521929824561 0.5722313596491228 0.1781798245614035 0.08799342105263157
0 0.2727521929824561 0.5722313596491228 0.1781798245614035 0.08799342105263157
1 0.393000730994152 0.3277138157894737 0.038559941520467836 0.03536184210526316
0 0.393000730994152 0.3277138157894737 0.038559941520467836 0.03536184210526316
1 0.5922880116959064 0.3275767543859649 0.08735380116959064 0.043859649122807015
0 0.5922880116959064 0.3275767543859649 0.08735380116959064 0.043859649122807015
1 0.6557931286549707 0.5842927631578947 0.17927631578947367 0.09292763157894736
0 0.6557931286549707 0.5842927631578947 0.17927631578947367 0.09292763157894736
1 0.5794042397660818 0.612390350877193 0.07657163742690058 0.03673245614035087
0 0.5794042397660818 0.612390350877193 0.07657163742690058 0.03673245614035087
1 0.4336622807017544 0.6036184210526315 0.06871345029239766 0.03344298245614035
0 0.4336622807017544 0.6036184210526315 0.06871345029239766 0.03344298245614035
1 0.435672514619883 0.8793859649122806 0.06469298245614034 0.03344298245614035
0 0.435672514619883 0.8793859649122806 0.06469298245614034 0.03344298245614035
1 0.5698099415204678 0.8898026315789473 0.06871345029239766 0.03344298245614035
0 0.5698099415204678 0.8898026315789473 0.06871345029239766 0.03344298245614035
