1 0.06843932748538012 0.36691337719298245 0.1372441520467836 0.10773026315789473
0 0.06843932748538012 0.36691337719298245 0.1372441520467836 0.10773026315789473
1 0.37801535087719296 0.920641447368421 0.05171783625730994 0.03645833333333333
0 0.37801535087719296 0.920641447368421 0.05171783625730994 0.03645833333333333
1 0.53125 0.9285910087719298 0.08223684210526315 0.03974780701754386
0 0.53125 0.9285910087719298 0.08223684210526315 0.03974780701754386
1 0.5423062865497076 0.5988212719298245 0.09301900584795321 0.046875
0 0.5423062865497076 0.5988212719298245 0.09301900584795321 0.046875
1 0.37207602339181284 0.5936129385964912 0.07383040935672514 0.03426535087719298
0 0.37207602339181284 0.5936129385964912 0.07383040935672514 0.03426535087719298
1 0.5820540935672515 0.3998081140350877 0.26900584795321636 0.1356907894736842
0 0.5820540935672515 0.3998081140350877 0.26900584795321636 0.1356907894736842
1 0.5476973684210527 0.2519188596491228 0.10051169590643275 0.05756578947368421
0 0.5476973684210527 0.2519188596491228 0.10051169590643275 0.05756578947368421
