1 0.29139254385964913 0.3856907894736842 0.16575292397660818 0.06359649122807018
0 0.29139254385964913 0.3856907894736842 0.16575292397660818 0.06359649122807018
1 0.3079312865497076 0.33771929824561403 0.07383040935672514 0.38980263157894735
0 0.3079312865497076 0.33771929824561403 0.07383040935672514 0.38980263157894735
1 0.6540570175438596 0.3490953947368421 0.0668859649122807 0.39610745614035087
0 0.6540570175438596 0.3490953947368421 0.0668859649122807 0.39610745614035087
1 0.6923428362573099 0.4003563596491228 0.16173245614035087 0.059484649122807015
0 0.6923428362573099 0.4003563596491228 0.16173245614035087 0.059484649122807015
1 0.600968567251462 0.5644188596491228 0.09594298245614034 0.042763157894736836
0 0.600968567251462 0.5644188596491228 0.09594298245614034 0.042763157894736836
