1 0.30336257309941517 0.5848410087719298 0.07492690058479531 0.02933114035087719
0 0.30336257309941517 0.5848410087719298 0.07492690058479531 0.02933114035087719
1 0.33223684210526316 0.8752741228070174 0.06359649122807018 0.0356359649122807
0 0.33223684210526316 0.8752741228070174 0.06359649122807018 0.0356359649122807
1 0.3340643274853801 0.2294407894736842 0.07602339181286549 0.041666666666666664
0 0.3340643274853801 0.2294407894736842 0.07602339181286549 0.041666666666666664
1 0.4790752923976608 0.2362938596491228 0.07657163742690058 0.04714912280701754
0 0.4790752923976608 0.2362938596491228 0.07657163742690058 0.04714912280701754
1 0.5633223684210527 0.2509594298245614 0.046600877192982455 0.030427631578947366
0 0.5633223684210527 0.2509594298245614 0.046600877192982455 0.030427631578947366
1 0.5684393274853801 0.4808114035087719 0.04769736842105263 0.044956140350877194
0 0.5684393274853801 0.4808114035087719 0.04769736842105263 0.044956140350877194
1 0.4529422514619883 0.6229440789473684 0.08680555555555555 0.06990131578947369
0 0.4529422514619883 0.6229440789473684 0.08680555555555555 0.06990131578947369
1 0.5615862573099415 0.6933936403508771 0.0489766081871345 0.04194078947368421
0 0.5615862573099415 0.6933936403508771 0.0489766081871345 0.04194078947368421
1 0.4653691520467836 0.9269462719298245 0.07328216374269006 0.07428728070175439
0 0.4653691520467836 0.9269462719298245 0.07328216374269006 0.07428728070175439
