1 0.2094298245614035 0.5611293859649122 0.2569444444444444 0.11184210526315788
0 0.2094298245614035 0.5611293859649122 0.2569444444444444 0.11184210526315788
1 0.7647112573099415 0.638157894736842 0.28600146198830406 0.2006578947368421
0 0.7647112573099415 0.638157894736842 0.28600146198830406 0.2006578947368421
1 0.5990497076023391 0.27905701754385964 0.05555555555555555 0.04714912280701754
0 0.5990497076023391 0.27905701754385964 0.05555555555555555 0.04714912280701754
1 0.4055190058479532 0.25561951754385964 0.03289473684210526 0.02494517543859649
0 0.4055190058479532 0.25561951754385964 0.03289473684210526 0.02494517543859649
1 0.5942068713450293 0.6162280701754386 0.04038742690058479 0.03344298245614035
0 0.5942068713450293 0.6162280701754386 0.04038742690058479 0.03344298245614035
1 0.40232090643274854 0.5936129385964912 0.02101608187134503 0.023848684210526314
0 0.40232090643274854 0.5936129385964912 0.02101608187134503 0.023848684210526314
