1 0.4693896198830409 0.6641995614035088 0.01882309941520468 0.07949561403508772
0 0.4693896198830409 0.6641995614035088 0.01882309941520468 0.07949561403508772
1 0.4838267543859649 0.2509594298245614 0.016995614035087717 0.0825109649122807
0 0.4838267543859649 0.2509594298245614 0.016995614035087717 0.0825109649122807
1 0.46737938596491224 0.46450109649122806 0.019188596491228067 0.07319078947368421
0 0.46737938596491224 0.46450109649122806 0.019188596491228067 0.07319078947368421
1 0.6098318713450293 0.1855811403508772 0.02266081871345029 0.10032894736842105
0 0.6098318713450293 0.1855811403508772 0.02266081871345029 0.10032894736842105
1 0.6319444444444444 0.46875 0.021564327485380116 0.10032894736842105
0 0.6319444444444444 0.46875 0.021564327485380116 0.10032894736842105
1 0.6200657894736842 0.7351973684210525 0.02850877192982456 0.08771929824561403
0 0.6200657894736842 0.7351973684210525 0.02850877192982456 0.08771929824561403
