1 0.2673611111111111 0.3862390350877193 0.017543859649122806 0.046052631578947366
0 0.2673611111111111 0.3862390350877193 0.017543859649122806 0.046052631578947366
1 0.26763523391812866 0.5179550438596491 0.013706140350877192 0.04797149122807017
0 0.26763523391812866 0.5179550438596491 0.013706140350877192 0.04797149122807017
1 0.28326023391812866 0.6380208333333333 0.01425438596491228 0.04797149122807017
0 0.28326023391812866 0.6380208333333333 0.01425438596491228 0.04797149122807017
1 0.35645102339181284 0.4061129385964912 0.014071637426900584 0.06277412280701754
0 0.35645102339181284 0.4061129385964912 0.014071637426900584 0.06277412280701754
1 0.3794773391812865 0.5586622807017544 0.015899122807017545 0.05866228070175438
0 0.3794773391812865 0.5586622807017544 0.015899122807017545 0.05866228070175438
1 0.38221856725146197 0.6809210526315789 0.018092105263157895 0.05427631578947368
0 0.38221856725146197 0.6809210526315789 0.018092105263157895 0.05427631578947368
