2 0.5455842391304347 0.40594462540716614 0.012364130434782608 0.011400651465798045
0 0.5671195652173913 0.41021986970684043 0.17989130434782608 0.0500814332247557
1 0.5733695652173914 0.08957654723127036 0.15489130434782608 0.03908794788273616
0 0.5733695652173914 0.08957654723127036 0.15489130434782608 0.03908794788273616
1 0.47139945652173915 0.1385382736156352 0.036005434782608696 0.2326954397394137
0 0.47139945652173915 0.1385382736156352 0.036005434782608696 0.2326954397394137
1 0.5548233695652174 0.22852198697068404 0.20285326086956523 0.048656351791530945
0 0.5548233695652174 0.22852198697068404 0.20285326086956523 0.048656351791530945
1 0.5092391304347826 0.5423452768729642 0.23369565217391305 0.05822475570032574
0 0.5092391304347826 0.5423452768729642 0.23369565217391305 0.05822475570032574
1 0.4856657608695652 0.7821661237785017 0.2626358695652174 0.06311074918566775
0 0.4856657608695652 0.7821661237785017 0.2626358695652174 0.06311074918566775
1 0.49599184782608696 0.9528705211726385 0.23029891304347827 0.05150651465798046
0 0.49599184782608696 0.9528705211726385 0.23029891304347827 0.05150651465798046
1 0.7282608695652174 0.2015472312703583 0.020652173913043477 0.10952768729641695
0 0.7282608695652174 0.2015472312703583 0.020652173913043477 0.10952768729641695
1 0.9255434782608696 0.21457654723127037 0.14619565217391303 0.048452768729641695
0 0.9255434782608696 0.21457654723127037 0.14619565217391303 0.048452768729641695
1 0.9294157608695652 0.4030944625407166 0.1408967391304348 0.04560260586319218
0 0.9294157608695652 0.4030944625407166 0.1408967391304348 0.04560260586319218
1 0.928125 0.53939332247557 0.14347826086956522 0.05028501628664495
0 0.928125 0.53939332247557 0.14347826086956522 0.05028501628664495
1 0.920991847826087 0.7789087947882737 0.1577445652173913 0.06188925081433225
0 0.920991847826087 0.7789087947882737 0.1577445652173913 0.06188925081433225
1 0.9313858695652174 0.9590798045602607 0.13206521739130436 0.04071661237785017
0 0.9313858695652174 0.9590798045602607 0.13206521739130436 0.04071661237785017
