2 0.5066576086956521 0.06494299674267101 0.013043478260869566 0.010179153094462542
0 0.5285326086956522 0.0685057003257329 0.18369565217391304 0.05394951140065147
2 0.4138586956521739 0.6283591205211727 0.01576086956521739 0.01486156351791531
0 0.46542119565217394 0.6124796416938111 0.2313858695652174 0.05883550488599349
1 0.47092391304347825 0.2018526058631922 0.23097826086956522 0.0637214983713355
0 0.47092391304347825 0.2018526058631922 0.23097826086956522 0.0637214983713355
1 0.4565217391304348 0.4369910423452769 0.2614130434782609 0.06697882736156352
0 0.4565217391304348 0.4369910423452769 0.2614130434782609 0.06697882736156352
1 0.6078125 0.7546824104234529 0.024864130434782607 0.17996742671009772
0 0.6078125 0.7546824104234529 0.024864130434782607 0.17996742671009772
1 0.7119565217391305 0.7382939739413681 0.020380434782608696 0.1581840390879479
0 0.7119565217391305 0.7382939739413681 0.020380434782608696 0.1581840390879479
1 0.7855298913043478 0.759771986970684 0.021059782608695652 0.18322475570032573
0 0.7855298913043478 0.759771986970684 0.021059782608695652 0.18322475570032573
1 0.9184103260869565 0.5999592833876222 0.16236413043478262 0.046009771986970684
0 0.9184103260869565 0.5999592833876222 0.16236413043478262 0.046009771986970684
1 0.9049592391304347 0.4206026058631922 0.1892663043478261 0.052931596091205214
0 0.9049592391304347 0.4206026058631922 0.1892663043478261 0.052931596091205214
1 0.9108016304347826 0.17925488599348535 0.17758152173913044 0.03929153094462541
0 0.9108016304347826 0.17925488599348535 0.17758152173913044 0.03929153094462541
1 0.9114130434782609 0.04784201954397394 0.1766304347826087 0.03420195439739414
0 0.9114130434782609 0.04784201954397394 0.1766304347826087 0.03420195439739414
