1 0.6798000000000001 0.1947857356907402 0.2348 0.054540005993407255
0 0.6798000000000001 0.1947857356907402 0.2348 0.054540005993407255
1 0.6738000000000001 0.4791729097992209 0.2544 0.05214264309259815
0 0.6738000000000001 0.4791729097992209 0.2544 0.05214264309259815
1 0.5949 0.7335930476475877 0.231 0.04075516931375487
0 0.5949 0.7335930476475877 0.231 0.04075516931375487
1 0.5451 0.5836080311657178 0.0182 0.1747078213964639
0 0.5451 0.5836080311657178 0.0182 0.1747078213964639
1 0.6532 0.8575067425831586 0.0268 0.2759964039556488
0 0.6532 0.8575067425831586 0.0268 0.2759964039556488
