2 0.5329014227642277 0.16253810975609756 0.008384146341463415 0.011051829268292684
0 0.5584349593495935 0.19321646341463417 0.1326219512195122 0.12195121951219512
2 0.5575457317073171 0.20426829268292684 0.008384146341463415 0.011432926829268292
0 0.5584349593495935 0.19321646341463417 0.1326219512195122 0.12195121951219512
2 0.41387195121951226 0.7019817073170732 0.008130081300813009 0.011432926829268292
0 0.4474085365853659 0.7136051829268293 0.10975609756097562 0.07583841463414634
2 0.42263719512195125 0.4014862804878049 0.008384146341463415 0.009527439024390244
0 0.4110772357723578 0.3982469512195122 0.10670731707317074 0.07317073170731708
2 0.00546239837398374 0.40453506097560976 0.00889227642276423 0.012576219512195123
0 0.028963414634146343 0.40396341463414637 0.057926829268292686 0.054115853658536585
1 0.46938516260162605 0.18807164634146342 0.015497967479674798 0.11928353658536586
0 0.46938516260162605 0.18807164634146342 0.015497967479674798 0.11928353658536586
1 0.3635670731707317 0.05430640243902439 0.116869918699187 0.06364329268292683
0 0.3635670731707317 0.05430640243902439 0.116869918699187 0.06364329268292683
1 0.602515243902439 0.5472560975609756 0.12118902439024391 0.13033536585365854
0 0.602515243902439 0.5472560975609756 0.12118902439024391 0.13033536585365854
1 0.6465955284552847 0.8769054878048781 0.12398373983739838 0.1326219512195122
0 0.6465955284552847 0.8769054878048781 0.12398373983739838 0.1326219512195122
1 0.19131097560975613 0.5504954268292683 0.1321138211382114 0.14596036585365854
0 0.19131097560975613 0.5504954268292683 0.1321138211382114 0.14596036585365854
1 0.21747967479674798 0.9354039634146342 0.12347560975609757 0.12766768292682928
0 0.21747967479674798 0.9354039634146342 0.12347560975609757 0.12766768292682928
1 0.04052337398373984 0.779344512195122 0.08104674796747968 0.07621951219512195
0 0.04052337398373984 0.779344512195122 0.08104674796747968 0.07621951219512195
1 0.06910569105691057 0.5619283536585366 0.026930894308943094 0.13605182926829268
0 0.06910569105691057 0.5619283536585366 0.026930894308943094 0.13605182926829268
1 0.09527439024390245 0.9405487804878049 0.023882113821138213 0.11814024390243903
0 0.09527439024390245 0.9405487804878049 0.023882113821138213 0.11814024390243903
