2 0.2088 0.09764445339238978 0.0176 0.01369035635192269
0 0.17830000000000001 0.09593315884839944 0.2674 0.11777733038051139
2 0.1898 0.5923092409905376 0.0172 0.014898328971209986
0 0.2715 0.6083148781960943 0.2634 0.11455607006241192
1 0.6437 0.3375276827058587 0.30260000000000004 0.20918059190658347
0 0.6437 0.3375276827058587 0.30260000000000004 0.20918059190658347
1 0.4295 0.3090396617676666 0.033 0.17153211193879606
0 0.4295 0.3090396617676666 0.033 0.17153211193879606
1 0.7502000000000001 0.8734648681296557 0.2924 0.20756996174753373
0 0.7502000000000001 0.8734648681296557 0.2924 0.20756996174753373
1 0.525 0.83772901147574 0.0284 0.1457620293940004
0 0.525 0.83772901147574 0.0284 0.1457620293940004
