1 0.4183114035087719 0.4076206140350877 0.2733918128654971 0.13157894736842105
0 0.4183114035087719 0.4076206140350877 0.2733918128654971 0.13157894736842105
1 0.45193713450292394 0.2557565789473684 0.097953216374269 0.05153508771929824
0 0.45193713450292394 0.2557565789473684 0.097953216374269 0.05153508771929824
1 0.4581505847953216 0.6016995614035088 0.08260233918128654 0.046052631578947366
0 0.4581505847953216 0.6016995614035088 0.08260233918128654 0.046052631578947366
1 0.46984649122807015 0.9295504385964912 0.0796783625730994 0.03728070175438596
0 0.46984649122807015 0.9295504385964912 0.0796783625730994 0.03728070175438596
1 0.9373172514619883 0.3692434210526316 0.12280701754385964 0.10087719298245613
0 0.9373172514619883 0.3692434210526316 0.12280701754385964 0.10087719298245613
