1 0.579861111111111 0.7415021929824561 0.06871345029239766 0.0581140350877193
0 0.579861111111111 0.7415021929824561 0.06871345029239766 0.0581140350877193
1 0.43512426900584794 0.6888706140350876 0.05847953216374269 0.042763157894736836
0 0.43512426900584794 0.6888706140350876 0.05847953216374269 0.042763157894736836
1 0.7052266081871345 0.6274671052631579 0.056286549707602336 0.038377192982456135
0 0.7052266081871345 0.6274671052631579 0.056286549707602336 0.038377192982456135
1 0.6664839181286549 0.4695723684210526 0.06652046783625731 0.03399122807017543
0 0.6664839181286549 0.4695723684210526 0.06652046783625731 0.03399122807017543
1 0.5190972222222222 0.4466831140350877 0.04952485380116959 0.022752192982456138
0 0.5190972222222222 0.4466831140350877 0.04952485380116959 0.022752192982456138
1 0.6705957602339181 0.38322368421052627 0.012244152046783625 0.08607456140350876
0 0.6705957602339181 0.38322368421052627 0.012244152046783625 0.08607456140350876
