1 0.6435489766081871 0.4065241228070175 0.015533625730994151 0.05701754385964912
0 0.6435489766081871 0.4065241228070175 0.015533625730994151 0.05701754385964912
1 0.731907894736842 0.3828125 0.016812865497076022 0.0512609649122807
0 0.731907894736842 0.3828125 0.016812865497076022 0.0512609649122807
1 0.618329678362573 0.5578399122807017 0.014802631578947368 0.05208333333333333
0 0.618329678362573 0.5578399122807017 0.014802631578947368 0.05208333333333333
1 0.7302631578947368 0.5160361842105263 0.015350877192982455 0.04577850877192982
0 0.7302631578947368 0.5160361842105263 0.015350877192982455 0.04577850877192982
1 0.7153691520467836 0.6367872807017544 0.0133406432748538 0.045504385964912276
0 0.7153691520467836 0.6367872807017544 0.0133406432748538 0.045504385964912276
1 0.6154057017543859 0.6853070175438596 0.014437134502923976 0.049342105263157895
0 0.6154057017543859 0.6853070175438596 0.014437134502923976 0.049342105263157895
