1 0.430281432748538 0.27069627192982454 0.012244152046783625 0.0644188596491228
0 0.430281432748538 0.27069627192982454 0.012244152046783625 0.0644188596491228
1 0.5635964912280701 0.3230537280701754 0.012426900584795321 0.05235745614035087
0 0.5635964912280701 0.3230537280701754 0.012426900584795321 0.05235745614035087
1 0.4139254385964912 0.4565515350877193 0.012426900584795321 0.06551535087719298
0 0.4139254385964912 0.4565515350877193 0.012426900584795321 0.06551535087719298
1 0.5741045321637427 0.4747807017543859 0.010782163742690058 0.05208333333333333
0 0.5741045321637427 0.4747807017543859 0.010782163742690058 0.05208333333333333
1 0.5646016081871345 0.6214364035087719 0.010782163742690058 0.05263157894736842
0 0.5646016081871345 0.6214364035087719 0.010782163742690058 0.05263157894736842
1 0.4255299707602339 0.6400767543859649 0.01516812865497076 0.06140350877192982
0 0.4255299707602339 0.6400767543859649 0.01516812865497076 0.06140350877192982
