1 0.20888157894736842 0.3900767543859649 0.2361111111111111 0.13596491228070173
0 0.20888157894736842 0.3900767543859649 0.2361111111111111 0.13596491228070173
1 0.661001461988304 0.03700657894736842 0.08625730994152046 0.046052631578947366
0 0.661001461988304 0.03700657894736842 0.08625730994152046 0.046052631578947366
1 0.6635599415204678 0.3856907894736842 0.06944444444444445 0.03728070175438596
0 0.6635599415204678 0.3856907894736842 0.06944444444444445 0.03728070175438596
1 0.7578581871345029 0.4942434210526315 0.2580409356725146 0.1293859649122807
0 0.7578581871345029 0.4942434210526315 0.2580409356725146 0.1293859649122807
1 0.28673245614035087 0.8648574561403508 0.14035087719298245 0.1074561403508772
0 0.28673245614035087 0.8648574561403508 0.14035087719298245 0.1074561403508772
1 0.7176535087719298 0.9608004385964912 0.14546783625730994 0.07785087719298245
0 0.7176535087719298 0.9608004385964912 0.14546783625730994 0.07785087719298245
