1 0.4666483918128655 0.24575109649122806 0.0133406432748538 0.11266447368421052
0 0.4666483918128655 0.24575109649122806 0.0133406432748538 0.11266447368421052
1 0.5683479532163742 0.23204495614035087 0.01206140350877193 0.08086622807017543
0 0.5683479532163742 0.23204495614035087 0.01206140350877193 0.08086622807017543
1 0.5807748538011696 0.4550438596491228 0.010599415204678362 0.06962719298245613
0 0.5807748538011696 0.4550438596491228 0.010599415204678362 0.06962719298245613
1 0.4567799707602339 0.5662006578947368 0.014071637426900584 0.09950657894736842
0 0.4567799707602339 0.5662006578947368 0.014071637426900584 0.09950657894736842
1 0.47423245614035087 0.8114035087719298 0.010599415204678362 0.08388157894736842
0 0.47423245614035087 0.8114035087719298 0.010599415204678362 0.08388157894736842
1 0.5775767543859649 0.6551535087719298 0.00712719298245614 0.06578947368421052
0 0.5775767543859649 0.6551535087719298 0.00712719298245614 0.06578947368421052
