1 0.48046875 0.59375 0.6362847222222222 0.17129629629629628
0 0.48046875 0.59375 0.6362847222222222 0.17129629629629628
1 0.3350694444444444 0.8831018518518517 0.18402777777777776 0.057870370370370364
0 0.3350694444444444 0.8831018518518517 0.18402777777777776 0.057870370370370364
1 0.31901041666666663 0.046875 0.2647569444444444 0.0636574074074074
0 0.31901041666666663 0.046875 0.2647569444444444 0.0636574074074074
1 0.5208333333333333 0.15393518518518517 0.01909722222222222 0.25
0 0.5208333333333333 0.15393518518518517 0.01909722222222222 0.25
1 0.3263888888888889 0.5115740740740741 0.19618055555555555 0.057870370370370364
0 0.3263888888888889 0.5115740740740741 0.19618055555555555 0.057870370370370364
