1 0.5334201388888888 0.5659722222222222 0.6397569444444444 0.20138888888888887
0 0.5334201388888888 0.5659722222222222 0.6397569444444444 0.20138888888888887
1 0.125 0.5671296296296297 0.1909722222222222 0.05555555555555555
0 0.125 0.5671296296296297 0.1909722222222222 0.05555555555555555
1 0.09201388888888888 0.16666666666666666 0.18402777777777776 0.06018518518518518
0 0.09201388888888888 0.16666666666666666 0.18402777777777776 0.06018518518518518
1 0.9565972222222222 0.6973379629629629 0.08506944444444443 0.32523148148148145
0 0.9565972222222222 0.6973379629629629 0.08506944444444443 0.32523148148148145
1 0.8984375 0.8217592592592592 0.03645833333333333 0.09722222222222221
0 0.8984375 0.8217592592592592 0.03645833333333333 0.09722222222222221
