1 0.15321180555555555 0.33043981481481477 0.3081597222222222 0.08912037037037036
0 0.15321180555555555 0.33043981481481477 0.3081597222222222 0.08912037037037036
1 0.3602430555555555 0.47106481481481477 0.15277777777777776 0.041666666666666664
0 0.3602430555555555 0.47106481481481477 0.15277777777777776 0.041666666666666664
1 0.3259548611111111 0.140625 0.22482638888888887 0.059027777777777776
0 0.3259548611111111 0.140625 0.22482638888888887 0.059027777777777776
1 0.7339409722222222 0.17592592592592593 0.20572916666666666 0.10416666666666666
0 0.7339409722222222 0.17592592592592593 0.20572916666666666 0.10416666666666666
1 0.872829861111111 0.3350694444444444 0.24739583333333331 0.11689814814814814
0 0.872829861111111 0.3350694444444444 0.24739583333333331 0.11689814814814814
1 0.697048611111111 0.5005787037037037 0.140625 0.07060185185185185
0 0.697048611111111 0.5005787037037037 0.140625 0.07060185185185185
1 0.5203993055555556 0.5457175925925926 0.0234375 0.5914351851851851
0 0.5203993055555556 0.5457175925925926 0.0234375 0.5914351851851851
