1 0.5 0.642361111111111 0.7239583333333333 0.12268518518518517
0 0.5 0.642361111111111 0.7239583333333333 0.12268518518518517
1 0.4331597222222222 0.8946759259259259 0.1875 0.041666666666666664
0 0.4331597222222222 0.8946759259259259 0.1875 0.041666666666666664
1 0.44574652777777773 0.537037037037037 0.20920138888888887 0.05324074074074074
0 0.44574652777777773 0.537037037037037 0.20920138888888887 0.05324074074074074
1 0.46527777777777773 0.09837962962962962 0.2986111111111111 0.09027777777777778
0 0.46527777777777773 0.09837962962962962 0.2986111111111111 0.09027777777777778
1 0.6766493055555555 0.19386574074074073 0.03211805555555555 0.18402777777777776
0 0.6766493055555555 0.19386574074074073 0.03211805555555555 0.18402777777777776
