2 0.41450711382113825 0.703125 0.00889227642276423 0.009908536585365854
0 0.45274390243902446 0.7147484756097561 0.09806910569105692 0.06745426829268293
2 0.42225609756097565 0.4011051829268293 0.009654471544715448 0.011051829268292684
0 0.40993394308943093 0.39919969512195125 0.10645325203252033 0.06745426829268293
2 0.5125762195121952 0.16234756097560976 0.00889227642276423 0.011432926829268292
0 0.47167174796747974 0.18788109756097562 0.016514227642276426 0.11737804878048781
2 0.5125762195121952 0.16234756097560976 0.00889227642276423 0.011432926829268292
0 0.5565294715447155 0.19455030487804878 0.13033536585365854 0.12233231707317073
2 0.5332825203252033 0.16272865853658536 0.008638211382113821 0.010670731707317074
0 0.5565294715447155 0.19455030487804878 0.13033536585365854 0.12233231707317073
2 0.5569105691056911 0.20369664634146342 0.010162601626016262 0.013338414634146341
0 0.5565294715447155 0.19455030487804878 0.13033536585365854 0.12233231707317073
2 0.00546239837398374 0.40415396341463417 0.00889227642276423 0.010289634146341464
0 0.02947154471544716 0.40396341463414637 0.05894308943089432 0.04801829268292683
1 0.602515243902439 0.5453506097560976 0.12169715447154472 0.125
0 0.602515243902439 0.5453506097560976 0.12169715447154472 0.125
1 0.5135924796747968 0.5346798780487805 0.011941056910569106 0.09984756097560976
0 0.5135924796747968 0.5346798780487805 0.011941056910569106 0.09984756097560976
1 0.644308943089431 0.8723323170731707 0.11890243902439025 0.12195121951219512
0 0.644308943089431 0.8723323170731707 0.11890243902439025 0.12195121951219512
1 0.5541158536585367 0.8589939024390244 0.010670731707317074 0.08155487804878049
0 0.5541158536585367 0.8589939024390244 0.010670731707317074 0.08155487804878049
1 0.3666158536585366 0.05506859756097561 0.10619918699186993 0.059832317073170736
0 0.3666158536585366 0.05506859756097561 0.10619918699186993 0.059832317073170736
1 0.19004065040650409 0.5485899390243902 0.12906504065040653 0.13528963414634146
0 0.19004065040650409 0.5485899390243902 0.12906504065040653 0.13528963414634146
1 0.07037601626016261 0.5594512195121951 0.024390243902439025 0.13567073170731708
0 0.07037601626016261 0.5594512195121951 0.024390243902439025 0.13567073170731708
1 0.21582825203252035 0.9376905487804879 0.12627032520325204 0.12385670731707317
0 0.21582825203252035 0.9376905487804879 0.12627032520325204 0.12385670731707317
1 0.04026930894308944 0.7774390243902439 0.08053861788617887 0.07164634146341464
0 0.04026930894308944 0.7774390243902439 0.08053861788617887 0.07164634146341464
1 0.09641768292682928 0.9394054878048781 0.022103658536585368 0.12042682926829269
0 0.09641768292682928 0.9394054878048781 0.022103658536585368 0.12042682926829269
