2 0.1883 0.5901952889067849 0.0182 0.013891685121803906
0 0.2686 0.6083148781960943 0.2616 0.11455607006241192
2 0.2083 0.09724179585262735 0.0194 0.013287698812160258
0 0.17830000000000001 0.09381920676464667 0.26580000000000004 0.11234145359371855
1 0.6425000000000001 0.33692369639621506 0.3018 0.20515401650895915
0 0.6425000000000001 0.33692369639621506 0.3018 0.20515401650895915
1 0.4293 0.3188041071069056 0.029 0.1620696597543789
0 0.4293 0.3188041071069056 0.029 0.1620696597543789
1 0.7457 0.8722568955103684 0.29500000000000004 0.20636198912824644
0 0.7457 0.8722568955103684 0.29500000000000004 0.20636198912824644
1 0.5283 0.8464868129655728 0.024200000000000003 0.13629957720958324
0 0.5283 0.8464868129655728 0.024200000000000003 0.13629957720958324
