1 0.2924890350877193 0.5744243421052632 0.18768274853801167 0.078125
0 0.2924890350877193 0.5744243421052632 0.18768274853801167 0.078125
1 0.7144554093567251 0.5974506578947368 0.21948099415204678 0.09512061403508772
0 0.7144554093567251 0.5974506578947368 0.21948099415204678 0.09512061403508772
1 0.6175073099415205 0.831140350877193 0.055190058479532164 0.03125
0 0.6175073099415205 0.831140350877193 0.055190058479532164 0.03125
1 0.6424524853801169 0.265625 0.09119152046783625 0.043311403508771926
0 0.6424524853801169 0.265625 0.09119152046783625 0.043311403508771926
1 0.4259868421052631 0.2713815789473684 0.04093567251461988 0.027412280701754384
0 0.4259868421052631 0.2713815789473684 0.04093567251461988 0.027412280701754384
