1 0.3683296783625731 0.4527138157894737 0.1595394736842105 0.062225877192982455
0 0.3683296783625731 0.4527138157894737 0.1595394736842105 0.062225877192982455
1 0.4030519005847953 0.3007127192982456 0.0798611111111111 0.021929824561403508
0 0.4030519005847953 0.3007127192982456 0.0798611111111111 0.021929824561403508
1 0.4157529239766082 0.5786732456140351 0.0668859649122807 0.0268640350877193
0 0.4157529239766082 0.5786732456140351 0.0668859649122807 0.0268640350877193
1 0.39610745614035087 0.8318256578947368 0.06487573099415204 0.031524122807017545
0 0.39610745614035087 0.8318256578947368 0.06487573099415204 0.031524122807017545
1 0.591922514619883 0.31949013157894735 0.03764619883040936 0.024396929824561403
0 0.591922514619883 0.31949013157894735 0.03764619883040936 0.024396929824561403
1 0.7049524853801169 0.47135416666666663 0.14309210526315788 0.058936403508771926
0 0.7049524853801169 0.47135416666666663 0.14309210526315788 0.058936403508771926
1 0.5900950292397661 0.825657894736842 0.03654970760233918 0.03234649122807017
0 0.5900950292397661 0.825657894736842 0.03654970760233918 0.03234649122807017
