1 0.45714546783625726 0.5668859649122807 0.014437134502923976 0.09484649122807016
0 0.45714546783625726 0.5668859649122807 0.014437134502923976 0.09484649122807016
1 0.5777595029239766 0.6541940789473684 0.007492690058479532 0.061677631578947366
0 0.5777595029239766 0.6541940789473684 0.007492690058479532 0.061677631578947366
1 0.580500730994152 0.45572916666666663 0.007858187134502924 0.06880482456140351
0 0.580500730994152 0.45572916666666663 0.007858187134502924 0.06880482456140351
1 0.5673428362573099 0.2334155701754386 0.009685672514619883 0.07867324561403509
0 0.5673428362573099 0.2334155701754386 0.009685672514619883 0.07867324561403509
1 0.4664656432748538 0.2465734649122807 0.014071637426900584 0.10553728070175437
0 0.4664656432748538 0.2465734649122807 0.014071637426900584 0.10553728070175437
1 0.47368421052631576 0.8123629385964912 0.010964912280701754 0.08141447368421052
0 0.47368421052631576 0.8123629385964912 0.010964912280701754 0.08141447368421052
