1 0.47526041666666663 0.5532407407407407 0.712673611111111 0.1388888888888889
0 0.47526041666666663 0.5532407407407407 0.712673611111111 0.1388888888888889
1 0.3263888888888889 0.75 0.21180555555555555 0.039351851851851846
0 0.3263888888888889 0.75 0.21180555555555555 0.039351851851851846
1 0.2886284722222222 0.24247685185185183 0.2717013888888889 0.05671296296296296
0 0.2886284722222222 0.24247685185185183 0.2717013888888889 0.05671296296296296
1 0.32074652777777773 0.6712962962962963 0.0720486111111111 0.013888888888888888
0 0.32074652777777773 0.6712962962962963 0.0720486111111111 0.013888888888888888
1 0.21006944444444442 0.6927083333333333 0.04513888888888889 0.03356481481481481
0 0.21006944444444442 0.6927083333333333 0.04513888888888889 0.03356481481481481
1 0.18489583333333331 0.5896990740740741 0.059027777777777776 0.03356481481481481
0 0.18489583333333331 0.5896990740740741 0.059027777777777776 0.03356481481481481
