1 0.4040798611111111 0.4409722222222222 0.42447916666666663 0.10185185185185185
0 0.4040798611111111 0.4409722222222222 0.42447916666666663 0.10185185185185185
1 0.5941840277777778 0.17881944444444445 0.29947916666666663 0.09606481481481481
0 0.5941840277777778 0.17881944444444445 0.29947916666666663 0.09606481481481481
1 0.5959201388888888 0.0318287037037037 0.02517361111111111 0.0636574074074074
0 0.5959201388888888 0.0318287037037037 0.02517361111111111 0.0636574074074074
1 0.7651909722222222 0.8061342592592592 0.09461805555555555 0.03356481481481481
0 0.7651909722222222 0.8061342592592592 0.09461805555555555 0.03356481481481481
1 0.94921875 0.32349537037037035 0.09982638888888888 0.12384259259259259
0 0.94921875 0.32349537037037035 0.09982638888888888 0.12384259259259259
