1 0.06664402173913044 0.5623982084690554 0.13328804347826087 0.046213355048859935
0 0.06664402173913044 0.5623982084690554 0.13328804347826087 0.046213355048859935
1 0.0609375 0.7439942996742671 0.121875 0.04295602605863193
0 0.0609375 0.7439942996742671 0.121875 0.04295602605863193
1 0.06854619565217392 0.33346905537459287 0.13709239130434783 0.040309446254071665
0 0.06854619565217392 0.33346905537459287 0.13709239130434783 0.040309446254071665
1 0.08600543478260869 0.2175285016286645 0.17201086956521738 0.03521986970684039
0 0.08600543478260869 0.2175285016286645 0.17201086956521738 0.03521986970684039
1 0.084375 0.028298045602605865 0.16875 0.03990228013029316
0 0.084375 0.028298045602605865 0.16875 0.03990228013029316
1 0.15183423913043478 0.8978013029315961 0.01997282608695652 0.19177524429967427
0 0.15183423913043478 0.8978013029315961 0.01997282608695652 0.19177524429967427
1 0.24735054347826088 0.8812092833876222 0.01345108695652174 0.1565553745928339
0 0.24735054347826088 0.8812092833876222 0.01345108695652174 0.1565553745928339
1 0.32241847826086956 0.9019747557003258 0.017934782608695653 0.18342833876221498
0 0.32241847826086956 0.9019747557003258 0.017934782608695653 0.18342833876221498
1 0.4614809782608696 0.2506107491856678 0.1830163043478261 0.05456026058631922
0 0.4614809782608696 0.2506107491856678 0.1830163043478261 0.05456026058631922
1 0.4879755434782609 0.36624592833876224 0.2360054347826087 0.06962540716612378
0 0.4879755434782609 0.36624592833876224 0.2360054347826087 0.06962540716612378
1 0.484375 0.591307003257329 0.26168478260869565 0.07186482084690554
0 0.484375 0.591307003257329 0.26168478260869565 0.07186482084690554
1 0.4872961956521739 0.7702565146579805 0.2316576086956522 0.07186482084690554
0 0.4872961956521739 0.7702565146579805 0.2316576086956522 0.07186482084690554
1 0.46793478260869564 0.06738599348534202 0.20027173913043478 0.05903908794788274
0 0.46793478260869564 0.06738599348534202 0.20027173913043478 0.05903908794788274
