1 0.2706505847953216 0.5707236842105263 0.16520467836257308 0.07291666666666666
0 0.2706505847953216 0.5707236842105263 0.16520467836257308 0.07291666666666666
1 0.6549707602339181 0.5875822368421052 0.1820175438596491 0.08634868421052631
0 0.6549707602339181 0.5875822368421052 0.1820175438596491 0.08634868421052631
1 0.5813230994152047 0.6137609649122807 0.06798245614035087 0.03125
0 0.5813230994152047 0.6137609649122807 0.06798245614035087 0.03125
1 0.5934758771929824 0.3296326754385965 0.0798611111111111 0.03865131578947368
0 0.5934758771929824 0.3296326754385965 0.0798611111111111 0.03865131578947368
1 0.572094298245614 0.8885690789473684 0.05829678362573099 0.02933114035087719
0 0.572094298245614 0.8885690789473684 0.05829678362573099 0.02933114035087719
