1 0.6209795321637427 0.747532894736842 0.025584795321637425 0.09594298245614034
0 0.6209795321637427 0.747532894736842 0.025584795321637425 0.09594298245614034
1 0.4697551169590643 0.6762609649122807 0.019554093567251463 0.07401315789473684
0 0.4697551169590643 0.6762609649122807 0.019554093567251463 0.07401315789473684
1 0.6324013157894737 0.47436951754385964 0.01991959064327485 0.10992324561403508
0 0.6324013157894737 0.47436951754385964 0.01991959064327485 0.10992324561403508
1 0.4653691520467836 0.4754660087719298 0.0177266081871345 0.07483552631578946
0 0.4653691520467836 0.4754660087719298 0.0177266081871345 0.07483552631578946
1 0.48236476608187134 0.26206140350877194 0.014071637426900584 0.0805921052631579
0 0.48236476608187134 0.26206140350877194 0.014071637426900584 0.0805921052631579
1 0.6073647660818713 0.1986019736842105 0.01882309941520468 0.09676535087719297
0 0.6073647660818713 0.1986019736842105 0.01882309941520468 0.09676535087719297
