1 0.6211622807017544 0.7358826754385964 0.023026315789473683 0.09402412280701754
0 0.6211622807017544 0.7358826754385964 0.023026315789473683 0.09402412280701754
1 0.47121710526315785 0.6654331140350876 0.01882309941520468 0.07044956140350876
0 0.47121710526315785 0.6654331140350876 0.01882309941520468 0.07044956140350876
1 0.46701388888888884 0.46408991228070173 0.016995614035087717 0.06962719298245613
0 0.46701388888888884 0.46408991228070173 0.016995614035087717 0.06962719298245613
1 0.6338633040935672 0.46546052631578944 0.019554093567251463 0.09923245614035087
0 0.6338633040935672 0.46546052631578944 0.019554093567251463 0.09923245614035087
1 0.48410087719298245 0.25027412280701755 0.017543859649122806 0.07456140350877193
0 0.48410087719298245 0.25027412280701755 0.017543859649122806 0.07456140350877193
1 0.6098318713450293 0.1859923245614035 0.021929824561403508 0.09402412280701754
0 0.6098318713450293 0.1859923245614035 0.021929824561403508 0.09402412280701754
