1 0.5740131578947368 0.6403508771929824 0.013157894736842105 0.06304824561403509
0 0.5740131578947368 0.6403508771929824 0.013157894736842105 0.06304824561403509
1 0.4358552631578947 0.6212993421052632 0.010599415204678362 0.05071271929824561
0 0.4358552631578947 0.6212993421052632 0.010599415204678362 0.05071271929824561
1 0.5867141812865497 0.45751096491228066 0.012975146198830409 0.06195175438596491
0 0.5867141812865497 0.45751096491228066 0.012975146198830409 0.06195175438596491
1 0.42607821637426896 0.47519188596491224 0.011878654970760233 0.05071271929824561
0 0.42607821637426896 0.47519188596491224 0.011878654970760233 0.05071271929824561
1 0.5698099415204678 0.272203947368421 0.013157894736842105 0.05975877192982456
0 0.5698099415204678 0.272203947368421 0.013157894736842105 0.05975877192982456
1 0.4358552631578947 0.3226425438596491 0.012792397660818713 0.0537280701754386
0 0.4358552631578947 0.3226425438596491 0.012792397660818713 0.0537280701754386
