1 0.5399305555555556 0.47453703703703703 0.578125 0.4629629629629629
0 0.5399305555555556 0.47453703703703703 0.578125 0.4629629629629629
1 0.020399305555555556 0.8344907407407407 0.04079861111111111 0.12268518518518517
0 0.020399305555555556 0.8344907407407407 0.04079861111111111 0.12268518518518517
1 0.640625 0.703125 0.13020833333333331 0.07291666666666666
0 0.640625 0.703125 0.13020833333333331 0.07291666666666666
1 0.6471354166666666 0.4039351851851852 0.14322916666666666 0.10648148148148148
0 0.6471354166666666 0.4039351851851852 0.14322916666666666 0.10648148148148148
1 0.681423611111111 0.03414351851851852 0.09722222222222221 0.07060185185185185
0 0.681423611111111 0.03414351851851852 0.09722222222222221 0.07060185185185185
