1 0.46918402777777773 0.724537037037037 0.6692708333333333 0.1736111111111111
0 0.46918402777777773 0.724537037037037 0.6692708333333333 0.1736111111111111
1 0.2204861111111111 0.15914351851851852 0.20833333333333331 0.059027777777777776
0 0.2204861111111111 0.15914351851851852 0.20833333333333331 0.059027777777777776
1 0.4019097222222222 0.2563657407407407 0.01909722222222222 0.16782407407407407
0 0.4019097222222222 0.2563657407407407 0.01909722222222222 0.16782407407407407
1 0.23524305555555555 0.5653935185185185 0.1579861111111111 0.0474537037037037
0 0.23524305555555555 0.5653935185185185 0.1579861111111111 0.0474537037037037
1 0.2586805555555555 0.8946759259259259 0.1423611111111111 0.048611111111111105
0 0.2586805555555555 0.8946759259259259 0.1423611111111111 0.048611111111111105
