1 0.4370659722222222 0.5844907407407407 0.712673611111111 0.13657407407407407
0 0.4370659722222222 0.5844907407407407 0.712673611111111 0.13657407407407407
1 0.5477430555555556 0.892361111111111 0.1579861111111111 0.048611111111111105
0 0.5477430555555556 0.892361111111111 0.1579861111111111 0.048611111111111105
1 0.51171875 0.09375 0.22135416666666666 0.037037037037037035
0 0.51171875 0.09375 0.22135416666666666 0.037037037037037035
1 0.33203125 0.2210648148148148 0.021701388888888888 0.17592592592592593
0 0.33203125 0.2210648148148148 0.021701388888888888 0.17592592592592593
1 0.5347222222222222 0.5335648148148148 0.1597222222222222 0.039351851851851846
0 0.5347222222222222 0.5335648148148148 0.1597222222222222 0.039351851851851846
