1 0.308296783625731 0.546875 0.18384502923976606 0.15021929824561403
0 0.308296783625731 0.546875 0.18384502923976606 0.15021929824561403
1 0.308296783625731 0.546875 0.18384502923976606 0.15021929824561403
0 0.308296783625731 0.546875 0.18384502923976606 0.15021929824561403
1 0.7079678362573099 0.49657346491228066 0.19517543859649122 0.10553728070175437
0 0.7079678362573099 0.49657346491228066 0.19517543859649122 0.10553728070175437
1 0.3765533625730994 0.016858552631578948 0.07035818713450293 0.03426535087719298
0 0.3765533625730994 0.016858552631578948 0.07035818713450293 0.03426535087719298
1 0.41292032163742687 0.31099232456140347 0.04075292397660819 0.04797149122807017
0 0.41292032163742687 0.31099232456140347 0.04075292397660819 0.04797149122807017
1 0.4276315789473684 0.5492050438596491 0.04203216374269006 0.03755482456140351
0 0.4276315789473684 0.5492050438596491 0.04203216374269006 0.03755482456140351
1 0.5743786549707602 0.5304276315789473 0.038011695906432746 0.03344298245614035
0 0.5743786549707602 0.5304276315789473 0.038011695906432746 0.03344298245614035
1 0.5908260233918128 0.28125 0.035818713450292396 0.03673245614035087
0 0.5908260233918128 0.28125 0.035818713450292396 0.03673245614035087
