1 0.37801535087719296 0.7368421052631579 0.024305555555555552 0.10142543859649122
0 0.37801535087719296 0.7368421052631579 0.024305555555555552 0.10142543859649122
1 0.36549707602339176 0.4629934210526315 0.020833333333333332 0.10142543859649122
0 0.36549707602339176 0.4629934210526315 0.020833333333333332 0.10142543859649122
1 0.38907163742690054 0.18612938596491227 0.023757309941520467 0.09923245614035087
0 0.38907163742690054 0.18612938596491227 0.023757309941520467 0.09923245614035087
1 0.5153508771929824 0.25027412280701755 0.015350877192982455 0.07730263157894736
0 0.5153508771929824 0.25027412280701755 0.015350877192982455 0.07730263157894736
1 0.5308845029239766 0.4655975877192982 0.02266081871345029 0.07538377192982455
0 0.5308845029239766 0.4655975877192982 0.02266081871345029 0.07538377192982455
1 0.5266812865497076 0.6636513157894737 0.025584795321637425 0.07401315789473684
0 0.5266812865497076 0.6636513157894737 0.025584795321637425 0.07401315789473684
