1 0.4296418128654971 0.26973684210526316 0.013157894736842105 0.07017543859649122
0 0.4296418128654971 0.26973684210526316 0.013157894736842105 0.07017543859649122
1 0.5635964912280701 0.3218201754385965 0.015350877192982455 0.05537280701754386
0 0.5635964912280701 0.3218201754385965 0.015350877192982455 0.05537280701754386
1 0.41429093567251457 0.45572916666666663 0.01425438596491228 0.07209429824561403
0 0.41429093567251457 0.45572916666666663 0.01425438596491228 0.07209429824561403
1 0.5746527777777778 0.47190241228070173 0.012609649122807017 0.054550438596491224
0 0.5746527777777778 0.47190241228070173 0.012609649122807017 0.054550438596491224
1 0.4253472222222222 0.6400767543859649 0.014802631578947368 0.0668859649122807
0 0.4253472222222222 0.6400767543859649 0.014802631578947368 0.0668859649122807
1 0.5638706140350876 0.6223958333333333 0.015899122807017545 0.058388157894736836
0 0.5638706140350876 0.6223958333333333 0.015899122807017545 0.058388157894736836
