1 0.20741959064327484 0.3945997807017544 0.22807017543859648 0.1356907894736842
0 0.20741959064327484 0.3945997807017544 0.22807017543859648 0.1356907894736842
1 0.2820723684210526 0.8678728070175438 0.1379751461988304 0.11074561403508772
0 0.2820723684210526 0.8678728070175438 0.1379751461988304 0.11074561403508772
1 0.7159173976608186 0.9540844298245613 0.15442251461988304 0.08470394736842105
0 0.7159173976608186 0.9540844298245613 0.15442251461988304 0.08470394736842105
1 0.7587719298245613 0.4949287280701754 0.2627923976608187 0.1400767543859649
0 0.7587719298245613 0.4949287280701754 0.2627923976608187 0.1400767543859649
1 0.6620065789473684 0.3830866228070175 0.07949561403508772 0.03755482456140351
0 0.6620065789473684 0.3830866228070175 0.07949561403508772 0.03755482456140351
1 0.6603618421052632 0.036047149122807015 0.08753654970760233 0.05016447368421052
0 0.6603618421052632 0.036047149122807015 0.08753654970760233 0.05016447368421052
